data_locality[1]: 0.150538
data_locality[2]: 0.236559
data_locality[3]: 0.193548
data_locality[4]: 0.172043
data_locality[5]: 0.16129
data_locality[8]: 0.0860215
meta_locality: 
meta_locality[1]: 0.0603448
meta_locality[2]: 0.0517241
meta_locality[3]: 0.0258621
meta_locality[4]: 0.862069